2016 04 08 00:33:26,0424
2016 04 08 00:33:58,0420
2016 04 08 00:33:59,0423
2016 04 08 00:34:19,0427
2016 04 08 00:34:20,0422
2016 04 08 00:35:48,0427
2016 04 08 00:35:49,0423
2016 04 08 00:36:25,0420
2016 04 08 00:36:27,0426
2016 04 08 00:36:28,0423
2016 04 08 00:36:33,0420
2016 04 08 00:36:34,0423
2016 04 08 00:36:50,0427
2016 04 08 00:36:51,0423
2016 04 08 00:36:57,0420
2016 04 08 00:36:59,0424
2016 04 08 00:37:09,0421
2016 04 08 00:37:17,0424
2016 04 08 00:37:30,0421
2016 04 08 00:37:44,0425
2016 04 08 00:37:45,0422
2016 04 08 00:38:37,0425
2016 04 08 00:38:39,0420
2016 04 08 00:38:40,0424
2016 04 08 00:38:44,0421
2016 04 08 00:38:47,0424
2016 04 08 00:38:57,0418
2016 04 08 00:38:58,0422
2016 04 08 00:40:20,0425
2016 04 08 00:40:21,0422
2016 04 08 00:40:38,0427
2016 04 08 00:40:39,0423
2016 04 08 00:40:45,0426
2016 04 08 00:40:46,0423
2016 04 08 00:41:46,0420
2016 04 08 00:41:47,0423
2016 04 08 00:41:50,0426
2016 04 08 00:41:51,0420
2016 04 08 00:41:53,0423
2016 04 08 00:42:20,0415
2016 04 08 00:42:21,0422
2016 04 08 00:42:23,0426
2016 04 08 00:42:24,0423
2016 04 08 00:42:27,0420
2016 04 08 00:42:28,0423
2016 04 08 00:42:35,0419
2016 04 08 00:42:36,0423
2016 04 08 00:42:48,0426
2016 04 08 00:42:49,0423
2016 04 08 00:42:53,0426
2016 04 08 00:42:54,0423
2016 04 08 00:42:55,0418
2016 04 08 00:42:56,0421
2016 04 08 00:43:20,0417
2016 04 08 00:43:21,0420
2016 04 08 00:43:26,0423
2016 04 08 00:43:50,0426
2016 04 08 00:43:50,0422
2016 04 08 00:43:55,0425
2016 04 08 00:43:58,0422
2016 04 08 00:44:13,0425
2016 04 08 00:44:14,0420
2016 04 08 00:44:15,0423
2016 04 08 00:45:20,0426
2016 04 08 00:45:22,0423
2016 04 08 00:45:36,0420
2016 04 08 00:45:37,0426
2016 04 08 00:45:39,0423
2016 04 08 00:45:44,0428
2016 04 08 00:45:45,0423
2016 04 08 00:45:57,0426
2016 04 08 00:46:05,0422
2016 04 08 00:46:20,0425
2016 04 08 00:46:25,0421
2016 04 08 00:46:26,0424
2016 04 08 00:46:28,0428
2016 04 08 00:46:29,0423
2016 04 08 00:47:01,0419
2016 04 08 00:47:06,0423
2016 04 08 00:47:08,0419
2016 04 08 00:47:11,0423
2016 04 08 00:47:52,0426
2016 04 08 00:47:53,0423
2016 04 08 00:49:13,0420
2016 04 08 00:49:14,0423
2016 04 08 00:49:31,0420
2016 04 08 00:49:36,0423
2016 04 08 00:49:51,0419
2016 04 08 00:49:52,0423
2016 04 08 00:49:58,0427
2016 04 08 00:49:59,0420
2016 04 08 00:50:00,0425
2016 04 08 00:50:04,0422
2016 04 08 00:50:06,0425
2016 04 08 00:50:08,0422
2016 04 08 00:50:10,0426
2016 04 08 00:50:11,0422
2016 04 08 00:50:20,0419
2016 04 08 00:50:21,0423
2016 04 08 00:50:25,0426
2016 04 08 00:50:26,0422
2016 04 08 00:50:31,0425
2016 04 08 00:50:33,0422
2016 04 08 00:50:41,0426
2016 04 08 00:50:42,0421
2016 04 08 00:50:45,0426
2016 04 08 00:50:46,0420
2016 04 08 00:50:47,0424
2016 04 08 00:50:48,0427
2016 04 08 00:50:49,0421
2016 04 08 00:50:57,0425
2016 04 08 00:50:58,0422
2016 04 08 00:51:13,0419
2016 04 08 00:51:14,0422
2016 04 08 00:51:17,0425
2016 04 08 00:51:19,0420
2016 04 08 00:51:20,0424
2016 04 08 00:51:21,0420
2016 04 08 00:51:22,0417
2016 04 08 00:51:23,0422
2016 04 08 00:51:31,0419
2016 04 08 00:51:32,0423
2016 04 08 00:51:33,0420
2016 04 08 00:51:34,0423
2016 04 08 00:51:35,0420
2016 04 08 00:51:36,0423
